% G代表地图上的点，其中0表示可以通过，1表示不可以通过
% 2表示可以通过，但是需要停车后再重新启动
G=[0 0 0 0 0 0 1 1 1 0 0 0 0 0 0 0 0 0 0 0;
    0 1 1 0 0 0 1 1 1 0 0 0 0 0 0 0 0 0 0 0;
    0 1 1 0 0 0 1 1 1 0 0 0 0 0 0 0 0 0 0 0;
    0 0 0 0 0 0 0 0 2 0 0 0 0 0 0 0 0 0 0 0;
    0 0 0 0 0 0 1 1 1 0 0 0 1 0 0 0 0 0 0 0;
    0 1 1 1 0 0 1 1 1 0 0 0 0 0 0 0 0 0 0 0;
    0 1 1 1 0 0 1 1 1 0 0 0 0 0 0 0 0 0 0 0;
    0 1 1 1 0 0 1 1 1 0 1 1 1 1 0 0 0 0 0 0;
    0 1 1 1 0 0 0 0 0 0 1 1 1 1 0 0 0 0 0 0;
    0 0 0 0 2 0 2 0 0 0 2 0 0 2 0 0 0 0 0 0;
    0 0 0 0 0 2 0 1 1 1 1 1 1 1 0 0 0 0 0 0;
    0 0 0 1 0 0 2 1 1 1 0 0 0 2 0 0 0 0 0 0;
    0 0 0 0 0 0 0 0 2 2 0 1 1 1 2 1 1 1 1 0;
    0 0 0 0 0 0 0 0 2 0 0 1 1 1 0 0 0 1 1 0;
    1 1 1 1 2 0 0 0 0 2 0 1 1 1 0 1 2 1 1 0;
    1 1 1 1 0 2 1 1 0 1 2 2 0 0 0 0 0 0 0 0;
    0 0 0 0 0 0 1 1 0 1 1 1 0 0 0 0 0 1 1 0;
    0 0 0 0 0 0 0 0 0 0 1 1 0 0 0 0 0 1 1 0;
    0 0 0 0 0 1 0 0 0 0 0 0 0 0 1 0 0 0 0 0;
    0 0 0 0 0 0 0 0 0 0 1 1 0 0 0 0 0 0 0 0;];
save map